00
00
02
F3
08
08
08
08
08
08
08
08
08
08
08
08
08
08
08
08
08
08
08
08
08
08
08
08
08
08
08
08
00
10
02
B0
00
11
02
B1
00
00
02
B2
00
A1
02
B0
02
10
02
12
00
A2
02
B1
02
11
02
13
00
01
02
B2
00
13
01
04
B4
06
50
00
13
01
05
A4
06
60
07
70
00
12
01
02
B4
06
90
00
12
01
03
A4
06
9C
07
A8
00
12
01
02
B4
06
B4
00
12
01
03
A4
06
C0
07
CC
00
12
01
02
B4
06
D8
00
12
01
03
A4
06
E4
07
F0
08
08
08
08
08
08
08
08
08
08
08
08
08
08
08
08
00
0B
02
C0
02
D0
00
0A
02
90
0A
00
00
0C
02
C0
02
D0
00
09
02
90
0A
00
00
07
02
C0
02
D0
00
08
02
90
0A
00
00
0D
02
C0
02
D0
00
06
02
90
0A
00
00
0E
02
C0
02
D0
00
05
02
90
0A
00
00
08
02
C0
02
D0
00
04
02
90
0A
00
00
09
02
C0
02
D0
00
02
02
90
0A
00
00
0A
02
C0
02
D0
00
01
02
90
0A
00
00
06
02
C0
02
D0
00
00
02
90
0A
00
08
08
00
20